8516
5814
5815
2998
1276
12668
12673
12676
12762
3345
2417
2417
3461
7211
11987
5429
13960
13960
13961
13961
17048
15302
26647
26647
26655
26655
16385
16385
29530
29530
26691
29535
29535
19298
15710
15710
22354
15711
15711
15712
15712
15713
15713
15714
15714
15715
15715
15715
15716
15716
15716
15717
15717
15718
15718
22502
16931
21566
15920
23549
22609
16948
27228
24440
25451
15935
18876
21573
34433
44786
44787
39272
39274
39275
39276
39277
39278
39279
39281
45035
45035
44452
44452
57741
52407
52407
52410
52410
52412
52412
46293
55247
55248
55249
55250
55251
55252
55253
55254
55255
56508
54732
152635
152636
152637
152638
152639
152640
152641
152642
152643
152644
152786
152787
152788
152789
152790
152791
152792
152793
152794
152795
460412
460412
92106
92106
460775
460775
460776
460776
460777
460777
460778
460778
460779
460779
460782
460782
61821
460784
460784
368979
154156
154157
154158
154159
154160
154161
154162
154163
154164
154165
338384
338385
338386
338387
338388
338389
338390
338391
338392
338393
92889
62247
62251
92988
154791
154792
154793
154794
154795
154796
154797
154798
154799
185567
185577
185580
185592
185694
185705
185715
185717
185719
185841
185879
462127
462127
462251
462251
462253
462253
462255
462255
462257
462257
462260
462260
462406
462406
462407
462407
462408
462408
462409
462409
462411
462411
462412
462412
155732
155733
155734
155735
462413
462413
155736
155737
155738
462414
462414
155739
155740
155741
462415
462415
186510
340212
340213
340214
340215
340216
340217
340218
340219
340220
340221
462690
462690
462695
462695
63979
186893
462860
463073
463073
463183
463183
463185
463185
463186
463186
463187
463187
463188
463188
463189
463189
463190
463190
463191
463191
463193
463193
463194
463194
463305
463305
463310
463310
463312
463312
463470
463470
463471
463471
463472
463472
463476
463476
463477
463477
463478
463478
463479
463479
341286
341287
341288
341289
341290
341291
341292
341293
341294
341295
341313
249312
249312
249314
249314
463772
463772
310836
188018
463773
463773
463774
463774
463775
463775
463776
463776
463777
463777
463779
463779
463781
463781
463950
463950
463951
463951
463953
463953
463954
463954
463955
463955
463956
463956
463957
463957
463958
463958
464092
464092
464093
464093
464094
464094
464095
464095
464096
464096
464097
464097
464098
464098
464099
464099
464100
464100
464101
464101
423847
423876
423908
221021
424258
477176
114615
221512
376600
376600
425308
222357
222358
425555
425776
531736
531737
531738
531739
531740
531741
531742
531743
531744
531745
426014
324941
223623
325172
325173
325177
325179
325180
271882
271885
271887
790527
790528
790529
790530
790531
790532
790533
790534
790535
790536
790584
790679
790680
790681
790682
790683
790684
790685
790686
747868
747868
790757
790856
790857
790858
790859
790860
790861
790862
790863
790864
790997
790998
790999
791000
791001
791002
791003
791004
791005
791006
325991
325992
325993
325995
325996
325997
325998
325999
326000
791140
791140
117831
117832
117833
117834
117835
117836
117837
117838
117839
117840
791183
791184
791185
791186
791187
791188
791189
791190
791191
791192
791236
118247
118291
118388
118422
118517
791807
791808
791809
791810
791811
791812
791813
791814
791852
118582
118595
118638
118688
118727
792004
118741
118851
119006
792321
119134
327467
327467
119237
119250
226222
792937
750418
750418
750420
750420
750424
750424
274952
274955
328389
328389
328390
328390
328391
328391
328392
328392
328393
328393
328394
328394
328395
328395
328396
328396
328397
328397
328398
328398
435396
435558
435561
579612
579613
579614
579615
579616
579617
579618
579619
579620
579621
329351
329674
436330
436472
329989
330045
330190
330201
175651
175652
175653
175654
175655
175656
711002
711021
711159
711210
796840
796840
796843
796843
177279
177280
177281
177282
177283
177284
177286
177287
177288
669429
583677
669655
626037
626037
626038
626038
626039
626039
626041
626041
626042
626042
626044
626044
626045
626045
626046
626046
584084
626158
626158
626161
626161
626164
626164
626165
626165
626167
626167
540934
488022
488043
626311
626311
626313
626313
626314
626314
626448
626448
626449
626449
626450
626450
626451
626451
626455
626455
626587
626587
626588
626588
626589
626589
626590
626590
626591
626591
626592
626592
626593
626593
626594
626594
626721
626721
626722
626722
626723
626723
626724
626724
626725
626725
626726
626726
626728
626728
626859
626859
626862
626862
626863
626863
626864
626864
626865
626865
626867
626867
626982
626982
627116
627116
489128
489129
489130
489131
489132
489133
489134
489135
489136
489137
627252
627252
627253
627253
627254
627254
627255
627255
627256
627256
627257
627257
627259
627259
627260
627260
627261
627261
627404
627404
441609
441609
627455
335082
627552
627552
627553
627553
627554
627554
627557
627557
627558
627558
627559
627559
627560
627560
627561
627561
627661
627661
627662
627662
627663
627663
627664
627664
627665
627665
627668
627668
627670
627670
335318
627794
627794
627797
627797
627803
627803
627886
627886
627887
627887
627888
627888
627889
627889
627890
627890
627891
627891
627892
627892
627893
627893
627894
627894
628033
628033
628034
628034
628035
628035
628036
628036
628037
628037
628038
628038
628039
628039
628040
628040
628041
628041
628042
628042
628201
628201
335870
335871
335872
335873
335874
335875
335876
335877
335878
335879
628341
628341
628342
628342
628344
628344
628347
628347
628348
628348
628350
628350
628483
628483
628484
628484
628485
628485
628488
628488
628489
628489
672778
672778
672779
672779
672780
672780
672781
672781
672782
672782
672783
672783
672784
672784
672785
672785
672786
672786
672787
672787
336386
336387
336388
336389
336390
336391
336392
336393
336394
336395
628756
628756
628759
628759
628760
628760
628762
628762
628765
628765
336747
336748
336749
336750
336751
336752
336753
336754
336755
336756
342034
342035
342036
342037
342038
342039
342040
342041
342042
342043
342157
342158
342159
342160
342161
342162
342163
342164
342165
390482
390482
390483
390483
390484
390484
390485
390485
390487
390487
390489
390489
587770
629443
629443
629445
629445
629447
629447
629450
629450
629452
629452
629584
629584
629585
629585
629586
629586
629587
629587
629590
629590
342577
342578
342579
342580
342581
342582
342583
342584
342585
588227
629862
629862
629864
629864
629868
629868
444313
444313
630275
630275
802673
802674
802675
802676
802677
802678
802679
802680
802681
802682
588766
444838
630432
630432
343519
674752
343520
674753
343521
674754
343522
674755
343523
674756
343524
674757
343525
674758
343526
674759
343527
674760
343528
674761
445045
630588
630588
391938
343990
343991
343992
343993
343994
343995
343996
343997
343998
343999
290734
344169
344170
344171
344172
344173
344174
344175
344176
344177
344178
803672
803672
631747
631747
676399
590609
590610
590612
590613
590615
590616
676538
590754
590754
590755
590755
590756
590756
590757
590757
590758
590758
590759
590759
590760
590760
590761
590761
590762
590762
590763
590763
676717
345490
345490
345491
345491
345492
345492
345493
345493
345494
345494
345495
345495
345496
345496
345497
345497
345498
345498
345499
345499
83933
83937
676998
677273
677286
677440
677558
677583
677836
346572
346572
346573
346573
346574
346574
346576
346576
346577
346577
346579
346579
346581
346581
678187
192040
192040
347150
347150
347151
347151
347153
347153
347157
347157
347158
347158
347159
347159
347300
347300
347301
347301
347302
347302
347303
347303
347305
347305
347306
347306
347307
347307
347308
347308
347309
347309
85738
85738
678766
806831
806831
549539
806839
806839
678977
139492
139492
679063
679075
86145
86145
807115
807115
807116
807116
679123
807121
807121
807219
807219
679317
679319
86386
86386
679321
502499
502501
502502
502503
502507
679381
807390
807390
679412
679464
679466
502639
502641
679514
140052
679572
679594
449648
679607
679625
679686
679718
679749
679751
679791
679829
635623
635623
635624
635624
635625
635625
635626
635626
635627
635627
635628
635628
635629
635629
635630
635630
635631
635631
635632
635632
87594
87594
503793
503921
504071
809011
809011
504203
296673
296673
296674
296674
296675
296675
296676
296676
296677
296677
296678
296678
296679
296679
296680
296680
296681
296681
296682
296682
242403
350020
350020
350021
350021
350022
350022
350023
350023
350025
350025
350026
350026
350027
350027
350028
350028
350029
350029
403956
403956
403957
403957
403960
403960
403961
403961
504960
873356
88990
88990
873446
505085
830554
830554
873521
873580
873723
243393
243393
243394
243394
243395
243395
243396
243396
243397
243397
243398
243398
243399
243399
243400
243400
243401
243401
243402
243402
873845
873966
810540
810540
505653
874040
874143
874161
874241
506106
453059
90255
90255
90262
90262
244304
244304
244306
244306
811250
811250
352696
352835
352838
352991
353109
812577
812577
812705
812705
812724
812724
812863
812863
407209
145493
145493
145496
145496
145499
145499
145829
145830
145831
145832
145833
145834
145835
145836
145837
145838
354051
354052
354053
354054
354055
354056
354057
354058
354059
354060
407678
813463
813463
145961
146136
813894
813894
641107
641107
600336
252631
146824
146825
146826
146827
146828
146829
146830
146831
146832
146833
814446
814446
146967
146967
814578
814578
814705
814705
641872
814799
814799
814849
814849
815141
815141
147847
147848
147849
147850
147851
147852
147853
147854
147855
147856
815405
356160
356161
356162
356163
356164
356165
148006
148006
815774
148247
148248
148249
148250
148251
148252
148253
148254
148255
148256
148481
148481
148486
148486
457937
457974
457977
783318
1113105
783319
783321
783322
783323
783324
783326
783327
936100
936101
936102
936103
936104
936105
936106
936107
936108
936109
572043
936238
936239
936240
936241
936242
936243
936244
936245
936246
936247
936378
936379
936380
936381
936382
936383
936384
936385
936386
936387
936524
936525
936526
936527
936528
936529
936530
936531
936636
936637
936638
936639
936640
936641
936642
936643
936791
936792
936793
936794
936795
936796
936797
936798
936799
936800
936896
936897
936898
936899
936900
936901
936902
936903
856146
856174
1150640
937054
937055
937056
937057
937058
937059
937060
937061
937062
937063
856237
785002
937177
937178
937179
937180
937181
937182
937183
937184
972512
972512
360385
360385
360392
360392
937309
937310
937311
937312
937313
937314
937315
937316
937317
937436
937437
937438
937439
937440
937441
937442
937443
937444
937564
937565
937566
937567
937568
937569
856790
937570
937571
937572
937712
937713
937714
937715
937716
937717
937718
937719
937720
937721
856981
857025
857088
785704
857091
785704
857104
857296
857862
857916
1116554
857984
1152393
1152399
1152446
858124
858126
104385
104386
104387
104388
104389
104390
104391
104392
104393
2129301
1748356
1748356
2614521
2649199
2649200
2649203
2649204
2649206
927019
927020
927021
927022
927023
927024
927025
2719390
927156
927157
927158
927159
927160
927161
927162
927163
927164
927306
927307
927308
927309
927310
927311
927312
927313
927314
927315
2719675
927434
927435
927436
927437
927438
927439
927440
927441
927442
927569
927570
927571
927572
927573
927574
927575
927576
927577
927578
927886
927887
927888
927889
927890
927891
927892
927893
927894
927895
928010
928011
928012
928013
928014
928015
928016
928017
928018
928213
928214
928215
928216
928217
928218
928219
928220
928221
928222
928289
928290
928291
928292
928293
928294
928295
928296
928297
928466
928467
928468
928469
928470
928471
928472
928473
928474
928475
928618
928619
928620
928621
928622
928623
928624
928625
928626
928627
104843
104843
104844
104845
104846
104847
104848
104849
104850
104851
883461
883653
968631
374314
968765
374362
1010616
1010616
258765
258765
1010843
1010843
645753
1048805
1048898
105818
105819
105820
105821
105822
105823
105824
105825
375326
375326
105930
105931
105932
105933
105934
105935
105936
105937
106044
106045
106046
106047
106048
646271
646273
106049
106050
106051
106144
106145
106146
106147
106148
106149
106239
106240
106241
106242
106243
106244
106245
106246
106247
949040
949041
949042
949043
949044
949045
949046
949047
949048
949049
106350
106351
106352
106353
106354
106355
106356
949208
949208
949209
949209
949210
106479
949210
949211
949211
106480
949212
949212
949213
949213
106481
949214
949214
106482
949215
949215
949216
949216
106483
106484
106485
106486
106487
106488
106595
106596
775886
775886
949389
106597
949390
106598
106599
106600
106601
106602
949420
949421
949431
949432
949511
949511
949512
949512
949513
949513
949514
949514
949515
949515
949516
949516
949517
949517
949518
949518
949519
949519
949520
1187016
949520
1187016
949521
1187017
1187017
949522
1187019
1187019
106738
1187020
1187020
106739
1187021
1187021
1187022
1187022
106740
1187024
106741
1187024
106742
106743
106744
106745
949622
949622
106746
949623
949623
106747
949624
949624
949625
949625
949626
949626
949627
949627
949628
949628
949629
949629
949630
949630
949655
949655
949682
949683
106865
949684
1029308
1029308
949685
949686
949687
1029316
106866
1029316
949688
1029317
1029317
949689
949690
106867
949691
106868
106869
1187214
1187214
106870
1187215
1187215
1187216
1187216
1187217
1187217
106871
1187218
1187218
1187219
1187219
1187220
106872
1187220
949772
949772
1187221
1187221
949773
1187222
949773
1187222
949773
1187223
106873
1187223
949774
949774
949775
949775
949776
949776
949777
949777
949778
949778
949779
949779
949789
949790
107022
107023
107024
107025
107026
107027
107028
949919
949919
107029
107030
949920
949920
107031
949921
949921
949922
949922
949923
949923
949924
949924
949925
949925
949926
949926
949927
949927
949928
949928
107106
107107
107108
107109
107110
949987
107111
107112
950060
950060
950061
950061
950062
950062
950063
950063
950064
950064
950065
950065
950066
950066
950067
950067
950068
950068
107227
107228
107229
107230
107231
107232
107233
107234
107235
950195
950195
950196
1030122
1030122
950196
950197
950197
950198
950198
950199
950199
950200
950200
950201
950201
1152675
1152675
950202
950202
950203
950203
1152795
1152796
1152797
1152798
1152799
1152800
1152801
1152802
1152803
1152804
950337
950337
950338
950338
1152940
1152941
950339
950339
950340
950340
950341
950341
107484
950342
107485
950342
107486
107487
107488
950343
950343
107489
107490
107491
950344
950344
107492
950345
107493
950345
950346
950346
777546
950371
950371
107580
107581
107582
107583
107584
107585
1109596
107586
950476
950476
950477
950477
950478
950478
950479
950479
950480
950480
950481
950481
950482
950482
1153195
950483
950483
950484
950484
950506
950507
950508
950509
950510
950511
950512
950513
950514
950515
1153309
950524
950525
950672
950673
950674
950675
950676
950677
950678
950679
950680
950681
1153551
1153553
1153555
950748
950749
950762
950762
950763
950763
950764
950764
950765
950765
950766
950766
950767
950767
950768
950768
950769
950769
950770
950770
950771
950771
778078
950885
950885
1153730
1153730
950886
950886
950887
950887
950888
950888
950889
950889
902209
902210
902211
950890
950890
902212
902213
902214
950891
902215
950891
902216
902217
950892
902218
950892
950930
950931
950932
950933
950934
950935
950936
950937
950938
950939
108141
108142
108143
108144
108145
108146
108147
108148
108149
951071
951072
951073
951074
951075
951076
951077
951078
951079
951080
951103
951104
951113
951113
951114
951114
951115
951115
951116
951116
951117
951117
951118
951118
951119
951119
951144
951145
1188909
264177
264178
1154138
951199
951200
1189013
951236
951237
951239
951239
951240
951240
951241
951241
951242
951242
951243
951243
951244
951244
951245
951245
951246
951246
951247
951247
951248
951248
858154
1154260
951381
951382
951383
951384
951385
951386
951387
951388
951389
951390
1154321
951393
951393
951394
951394
951395
951395
951396
951396
951397
951397
951398
951398
858410
951399
951399
951400
858433
951400
951401
951401
951402
951402
951417
951418
858478
108652
108654
108655
108656
108657
108658
858539
108659
951487
951487
951488
951488
951489
951489
1189387
1189387
951490
1189388
951490
1189388
1189389
951491
1189389
951491
1189390
1189390
951492
951492
1189391
1189391
951493
951493
1189392
1189392
1189393
1189393
1189394
1189394
1189395
1189395
1189396
656594
1189396
656601
858640
858691
951642
951642
951643
951643
951644
951644
951645
951645
951646
951646
951647
951647
951648
951648
951649
951649
951650
951650
951651
951651
558841
558843
558844
558845
558846
558847
558849
858878
1154565
858917
951785
951785
951788
951788
418447
951892
951892
951893
951893
951894
951894
859126
951895
951895
951897
951897
859148
951898
951898
109103
109104
109105
109106
109107
109108
109109
952007
952007
952008
952008
952009
952009
952010
952010
952011
952011
952012
952012
952013
952013
952014
952014
952015
952015
859350
859387
109235
109236
903507
903508
859419
903509
109237
903510
903511
903512
903513
1154848
109238
109239
109240
109241
952153
952153
952155
952155
952156
952156
952157
952157
952158
952158
952160
952160
952161
952161
109372
780147
109373
109374
109375
109376
109377
109378
109379
859651
109380
109381
1112298
952296
952296
952298
952298
952299
952299
952301
952301
859805
859826
859840
952417
952417
109502
952421
952421
109503
109504
109505
109506
109507
109508
109509
109510
859931
1190297
1190297
1190298
1190298
1190299
859986
1190301
1155122
1190301
952560
952560
1190303
1190303
952563
952563
109605
1190305
1190305
952564
952564
109606
952568
952568
109607
952570
109608
952571
109609
109610
109611
109612
109613
952643
952644
993510
993510
952668
952669
266244
952677
952677
952678
952678
952679
952679
952680
952680
266287
860240
952702
952703
952721
952722
109725
266330
109726
109727
109728
109729
109730
860299
109731
109732
266353
952776
952777
952804
952804
952806
952806
952807
952807
952808
952808
109815
109816
109817
109818
952874
952875
109819
952881
952882
952895
860509
952944
952944
952946
952946
465246
465246
465248
465248
465250
465250
465251
465251
947377
465253
947378
465253
947379
465254
465254
947380
465255
947381
465255
947382
947383
947384
947385
947386
109984
109985
109986
109987
109988
109989
109990
465398
465398
1288292
1288293
465399
1288294
465399
1288295
109991
1288296
465400
1288297
465400
1288298
1288299
465401
465401
109992
465403
465403
465404
465404
109993
465405
465405
465406
465406
947552
947553
465540
465540
465541
465541
465542
465542
465543
465543
110080
465544
465544
110081
465545
465545
110082
110083
465548
465548
110084
110085
110086
110087
1134384
1134384
465735
465735
465736
465736
465737
110211
465737
465738
465738
110212
1288685
465740
1288689
465740
110213
1288693
465741
465741
110214
465742
465742
465743
465743
110215
110216
110217
110218
110219
465871
465871
110342
110343
110344
110345
110346
110347
110348
110349
110464
110465
110466
110467
110468
110469
110470
110471
466156
466156
948531
948532
948545
948546
110551
1135199
1135199
110600
466292
466316
466319
466319
466323
466323
110676
110709
466451
466451
466453
466453
466454
466454
466455
466455
466456
466456
466458
466458
948906
466459
466459
948907
466460
466460
952952
952952
953068
953068
953069
953069
953070
953070
953071
953071
953072
953072
953074
953074
466741
953076
466741
953076
953176
953176
953182
953182
953183
953183
111157
111159
953312
953312
953315
953315
953316
953316
467015
953318
467015
953318
953320
953320
1255260
1255260
1255264
1255264
1255265
1255265
1255268
1255268
1255269
1255269
953436
953436
953439
467168
467168
953439
467169
467169
953442
953442
467170
467170
467171
467171
467172
467172
467173
467173
467174
467174
467176
467176
953575
953575
953577
953577
953578
953578
953579
953579
953680
731865
953680
731866
953681
953681
731867
731868
953682
953682
731869
953683
953683
731870
953684
731871
953684
731872
953685
953685
731873
111625
953686
731874
953686
953687
953687
953779
953779
953782
953782
953783
953783
953784
953784
953785
953785
111677
953786
953786
111699
953924
953924
953925
953925
467700
467700
953927
467701
953927
467701
953928
467702
953928
467702
467703
467703
953930
953930
467704
953931
467704
953931
467705
467705
467706
467706
467707
467707
467708
467708
467709
467709
894644
894645
894647
894648
894649
894650
894651
894652
894653
954070
954070
954072
954072
111922
732368
732369
732370
732371
732372
732373
732374
732375
732376
732377
467839
467839
467840
467840
467842
467842
467844
467844
467845
467845
467846
467846
467848
467848
954214
954214
954216
954216
954217
954217
954315
954315
954318
954318
112180
112181
112182
112183
112184
112185
112186
112187
1137337
954455
954455
1256159
1256159
954456
954456
954457
954457
954459
954459
954460
954460
954461
954461
954462
954462
468173
954569
954569
954570
954570
468176
468176
954571
954571
468178
468178
954572
954572
954573
954573
954574
954574
954575
954575
112459
112460
112461
112462
112463
112464
112465
112466
468323
468323
954771
954771
954772
954772
954773
954773
954774
954774
954775
954775
954776
954776
954777
954777
954778
954778
468457
954779
468457
954779
733087
733088
733089
468459
733090
468459
733091
733092
733093
468460
733094
468460
733095
733096
468461
468461
468463
468463
468464
468464
468465
468465
468466
468466
468594
468594
733285
955086
955086
955087
955087
955088
955088
955089
955089
955090
955090
955091
955091
955092
955092
955093
955093
955094
955094
112818
112819
112820
112821
112822
112823
112824
112825
112826
1093055
1093076
955306
955306
955307
955307
955308
955308
955309
955309
955310
955310
955311
955311
955312
955312
955313
955313
733726
733727
733728
733729
733730
733731
955440
955440
733732
733733
733734
955441
955441
733735
955442
955442
955443
955443
955444
955444
955445
955445
955446
955446
955447
955447
955448
955448
955449
955449
1182133
955572
955572
955573
955573
955574
955574
955575
955575
955576
955576
955577
955577
955578
955578
955579
955579
1182210
1257499
1257499
1257639
1257639
469519
469519
469651
469651
469797
469797
1182608
956211
956211
956212
956212
956213
956213
956214
956214
956215
956215
956216
956216
956217
956217
956218
956218
311656
1094352
956330
956330
956331
956331
1258266
1258266
956332
956332
1258268
1258268
956333
956333
1258269
1258269
956334
1094404
1182763
956334
470053
470053
956335
956335
956336
470055
956336
470055
470056
470056
470057
470057
470059
470059
470060
470060
1094472
470061
470061
1094506
470185
470185
470186
470186
470187
470187
470188
470188
470190
470190
470191
470191
470192
470192
1094661
470193
470193
1094703
1094749
1258554
1094779
1258554
1094803
470344
470344
1258615
1258620
1258623
1094884
956615
956615
956616
956616
1258685
1258685
956617
956617
149255
149255
956618
956618
956619
956619
956620
956620
956621
956621
956622
956622
956623
956623
956624
956624
149310
149310
956725
956725
956726
956726
956727
956727
956728
956728
956729
956729
956730
956730
956731
956731
956732
956732
956733
956733
1258948
1258948
1258955
1258955
470634
470634
956831
956831
956832
956832
956833
956833
956834
956834
956835
956835
956836
956836
956837
956837
956838
956838
1259092
1259092
1259095
470765
470765
470768
470768
470770
470770
470772
470772
470773
470773
470774
470774
956966
956966
956967
956967
956968
956968
1259208
1259208
956969
956969
956970
956970
956971
956971
956972
956972
956973
956973
956974
956974
956986
956987
956993
956994
470885
470885
470887
470887
470888
470888
470891
470891
470892
470892
470893
470893
957074
957074
957075
957075
957076
957076
957077
957077
957078
957078
957079
957079
957080
957080
957081
957081
957082
957082
1259495
1259495
1259496
1259496
1259497
1259497
471054
471054
1259639
1259639
1259640
1259640
1259643
1259643
1259645
1259645
957330
957330
957331
957331
957332
957332
957333
957333
957334
957334
957335
957335
957336
957336
957452
957452
957453
957453
957454
957454
957455
957455
957456
957456
957457
957457
957458
957458
957459
957459
957460
957460
957555
957555
957556
957556
957557
957557
957558
957558
957559
957559
957560
957560
957561
957561
957562
957562
150708
150709
150711
150712
150713
150715
150716
957692
957692
957693
957693
957694
957694
957695
957695
957696
957696
957697
957697
957698
1260451
957698
1260451
957699
957699
957700
957700
1260544
957785
957785
957786
957786
957787
957787
957788
957788
957789
957789
957790
957790
957791
957791
1260590
957792
1260591
957792
1260592
1260592
1260597
1260597
151016
151017
151018
151019
151020
151021
151022
151023
151024
151025
958028
958028
958029
958029
958030
958030
958031
958031
958032
958032
958033
958033
958034
958034
958035
958035
958036
958036
958037
958037
907046
907068
1142523
1142523
958277
958277
958278
958278
958279
958279
958280
958280
958281
958281
151563
151563
860585
958410
958410
958411
958411
958412
958412
958413
958413
958414
958414
860644
958415
958415
958416
958416
958417
958417
958418
958418
958419
958419
860709
958527
958527
958528
958528
958529
958529
958530
958530
151881
958531
151882
958531
151883
151884
958532
151885
958532
151886
151887
151888
958533
958533
860855
151889
151890
958534
958534
958584
958586
860931
613754
613759
860973
958649
958649
958650
958650
958651
958651
958652
958652
861012
958653
958653
958654
958654
958655
958655
958656
958656
958657
958657
861221
958754
958754
958755
958755
958756
958756
958757
958757
958758
958758
958759
958759
958760
958760
958761
958761
958762
958762
861335
861381
958869
958869
958870
958870
958871
958871
958872
958872
958873
958873
958874
958874
958875
958875
958876
958876
740944
1004538
959009
959009
1004539
959010
959010
1004540
959011
1004541
959011
1004542
959012
959012
1004543
1004544
959013
959013
1004545
959014
959014
1004546
959015
1004547
959015
959016
959016
861614
1230761
1230762
1230763
1230764
1230765
1230766
1230767
1230768
959148
959148
959149
959149
959150
959150
959151
959151
959152
959152
959153
959153
959154
959154
959155
959155
959156
959156
959157
959157
959279
959279
959280
959280
959281
959281
959282
959282
959283
959283
959284
959284
959285
959285
959286
959286
861784
959287
959287
1265200
861934
741555
959401
959401
959402
959402
959403
959403
959404
959404
959405
959405
959406
959406
959407
959407
959408
959408
862056
862085
959533
959533
959534
959534
959535
959535
959536
959536
959537
959537
959538
959538
959539
959539
959540
959540
959541
959541
862177
862199
959718
959718
959719
959719
959720
959720
959721
959721
959722
959722
959723
959723
862392
862425
862512
158962
158962
1265984
862717
960030
960030
960031
960031
960032
960032
960033
960033
862812
960034
960034
960035
960035
960036
960036
960037
960037
960038
960038
960039
960039
862833
1266254
960175
960175
960176
960176
960177
960177
960178
960178
960179
960179
960180
960180
960181
960181
960182
960182
960183
960183
960319
960319
960320
960320
960321
960321
960322
960322
960323
960323
960324
960324
960325
960325
960326
960326
863106
1300621
863129
960450
960450
960451
960451
960452
960452
960453
960453
960454
960454
960455
960455
960456
960456
960457
960457
863360
863445
863494
863608
1057546
863830
863881
863908
318383
318384
318385
318386
318387
318388
318389
318390
318391
318392
1013574
1013574
1057890
864122
864125
1155617
1155742
1155745
1013885
1013885
864286
1155885
864413
864473
864555
1156143
864640
864652
1156201
1156201
648997
1156261
864787
864846
774853
774855
864855
774858
864855
774859
1156392
1156392
864915
864978
1156503
865025
1193557
865057
1156579
1193651
1193652
865144
865181
1156704
865332
961841
961875
162192
162196
162198
162199
962038
1157209
320156
1157507
1157507
1157605
1157608
162659
162660
162662
1157733
162665
1269180
1269180
1158093
1158097
1158216
1304326
1158315
1304401
1304424
1304437
1304467
1304764
1158842
164020
1159386
357353
357354
357355
357356
357357
357358
357359
357360
357361
357362
816285
816285
1270441
1270441
1198754
1198759
1198759
1198762
1198763
1198763
652872
1160351
164980
164984
816957
816957
165142
165144
165148
817247
817247
165727
165729
165730
165732
818144
818144
166499
1200968
1200969
1200970
1200971
1200972
1200973
1200974
1200975
1200976
1200977
818744
818744
1272512
1272512
818904
818904
819027
819027
528936
166955
166955
819194
819194
819338
819338
1201874
1201875
1201876
1201877
1201878
1201879
1201880
1201881
1201882
1201883
201985
201986
201987
201990
201992
201993
201994
1273523
1273523
1021882
819940
819940
202351
202351
202352
202352
202354
202354
202355
202355
1202206
1202207
1202208
202357
202357
1202209
202358
1202210
202358
1202211
1202212
202359
1202213
202359
1202214
1202215
202360
202360
1022173
1328039
820210
820210
1328053
820211
820211
1274091
1274091
1328410
1243069
1274902
1274902
821242
821242
968182
968287
968310
203989
204015
204015
204016
204016
204017
1121360
1329950
1329951
1329952
1329954
822450
822450
205901
205902
205904
205906
205907
205908
205909
205910
1169792
1169929
1169932
206672
1170057
1170242
1170263
1170316
1170317
207100
1209542
1209543
1209544
1209545
1209546
1209547
1209548
1209549
1209550
1209652
1335977
1335978
1335979
1335980
1335981
1335982
1335983
1335984
944004
1336121
1336122
1336123
1336124
1336125
1336126
1336127
1336128
1336129
1336130
1336152
1174195
1336261
1336262
1336263
1336264
1336265
1336266
1336267
1336300
1336313
1336336
944380
944408
1250497
944592
944653
944732
1250791
1174916
1283087
1283088
1283089
1283090
1283091
1283092
1283093
1283094
1251542
1087308
1251691
1337607
1337608
1337609
1337610
1337611
1337612
1337613
1337614
1337615
1337745
1337746
1337747
1337748
1337749
1337750
1337751
1337752
1337753
1337754
1087774
1337871
1337872
1337873
1337874
1337875
1337876
1337877
1337882
1252140
1252168
1252294
1284381
1338019
1252380
1252386
1338146
1252462
946558
946559
946560
946561
946562
946563
946564
946565
946566
946567
256303
256303
459000
459000
459001
459001
459003
459003
459005
459005
459007
459007
459008
459008
946781
946782
946783
946784
946785
946786
946787
946788
946789
946790
1284848
1338522
1338545
1285029
257443
464232
464232
464286
464543
464543
464545
464545
464546
464546
464547
464547
464548
464548
1366055
464549
464549
464550
464550
464552
464552
260751
260751
464815
464815
464817
464817
1366355
464819
464819
464820
464820
464822
464822
464823
464823
464824
464824
1366443
1394960
1394962
1366545
1366592
266600
266600
464965
464965
464968
464968
1366656
266662
465098
465098
465099
465099
465100
465100
465101
465101
465102
465102
465103
465103
465104
465104
465106
465106
266838
266838
1286530
1286531
1286532
1286533
1286534
1286535
1286536
1286537
1286538
1286539
1366939
1395497
1395500
1395504
1367056
1367104
1367129
1367192
1367207
1367628
1487075
1487075
1422143
1422143
1396621
1396672
1396676
1396679
1396680
1396966
1396967
1396968
1396972
1396973
1396975
1422594
1422594
1341532
1341538
1369335
1586874
1747104
1747104
1747105
1747105
1747106
1747106
1747107
1747107
1747108
1747108
1747109
1747109
1747110
1747110
1747111
1747111
1747112
1747112
1747113
1747113
1780303
1780303
1780422
1780422
1780425
1780425
1587538
1619494
1813470
1553584
1553584
1342791
1342792
1342795
1342797
1342798
1342799
1342800
1684450
1425541
1716634
1371861
1943572
1943572
1685499
1685499
1912266
1685779
1685779
1944110
1944111
1944111
1944112
1944112
1944119
1944119
2008465
2075022
1815775
2107328
2107328
1944777
1944782
1944782
1718405
1718405
1718555
1718555
1945174
1945174
1345542
1345545
1345679
1345680
1345681
1345683
1345685
1345686
1345687
1345688
1345822
1345825
1345826
1345828
1945724
1945724
1345960
1345961
1345962
1345963
1345964
1345965
1345966
1374397
1374398
1374399
1374401
1374402
1374403
1374404
1374405
1374406
1346091
1346093
1346094
1346095
1346097
1346098
1346213
1346220
1403421
2109377
2109377
1346340
2109381
2109381
1346342
2109383
2109383
2109385
2109385
1346348
1346349
1346477
1346481
1346482
1346611
1346613
1346614
1346615
1346617
1346618
1346758
1346760
1346764
1346889
1346891
1346892
1346893
1346894
1346895
1346896
1346898
1346898
1947123
1947123
1947125
1947125
2110267
2110267
2110271
2110271
1347150
1347151
1347152
1347153
1347154
1347155
1347156
1347157
1347158
1347159
1347288
1347289
1347387
1347388
1347584
1347588
1347589
1948026
1948026
1347726
1347727
1347729
1347733
1405069
1405069
1594174
1594178
1594201
2079371
2079371
1852249
1852249
1852250
1852250
1852251
1852251
1852252
1852252
1852253
1852253
1852254
1852254
1852255
1852255
1852256
1852256
1852257
1852257
1852258
1852258
2079589
2079589
2112626
2112626
2112628
2112628
2112629
2112629
2112634
2112634
2112635
2112635
1432161
1432165
1432168
1853303
1853303
1853304
1853304
1853305
1853305
1853306
1853306
1853307
1853307
1853308
1853308
1853309
1853309
1853310
1853310
1853311
1853311
1853312
1853312
2047315
2047315
2081050
2081050
1529893
1529893
1529894
1529894
1529896
1529896
1529897
1529897
1529899
1529899
2114021
2114022
2114023
2114024
2114025
2114026
2114027
2114028
2114029
2114030
2144684
2144684
2144685
2144685
2144688
2144688
2144689
1597637
1597637
1434164
1725775
1952763
1952764
1952765
1952766
1952767
1952768
1952769
1952770
1952771
1952772
2083571
2083572
2083573
2083574
1855750
2083575
2083576
2083577
2083578
2083579
1726450
1855786
2083580
2050249
1532450
1532450
2050250
2050251
2050252
1532452
1532452
2050253
2050254
2050255
1532455
2050256
1532455
2050257
2050258
2050409
2050555
1599082
1599083
1856169
1856202
2050704
2050706
2050707
1856288
1856313
1856354
1856417
2051040
2051043
2051044
2051046
1727680
1599748
1599749
1599753
1436470
1436471
1436475
2051514
2051516
2051518
2051519
2051520
2051522
1728037
2117871
1600148
1600150
2051776
1600236
1600261
2051928
2051930
2051932
2051933
1955058
1728360
1955059
1955060
1955061
1955062
1955063
1955064
1955065
1955066
1955067
2052085
2052226
2052227
2052228
2052229
2052230
2052231
2052232
2052233
2052234
2052235
2052279
2052279
2052280
2052280
2052286
2052286
2052385
2052389
1600757
1600758
1600760
1600761
1728858
2052528
2052529
2052530
2052531
2052532
2052533
2052534
2052535
2052536
2052537
1600975
1600976
1600979
2052673
1729048
2052959
2052974
2052976
2053044
1988110
1988110
1988114
1988114
2053287
2053469
2053596
2053604
1730064
1730064
2053740
2053743
2174557
1602008
1957052
1957074
1957086
1957157
1602237
1957169
2054010
2054011
2054012
2054013
2054014
2054015
2054016
2054017
2054018
2054019
2174861
1957244
1957306
1957318
2206127
2206127
2175027
1957476
2206461
2206461
1602739
1602741
1602746
2054431
2054431
2207362
2207362
1603405
2207516
2207516
2239757
1991218
1991219
1991220
1991221
1991222
1991223
1991224
1991225
1991226
1991227
2152384
2152385
2152386
2152387
2152388
2152389
2152390
2152391
2152392
2152393
1861351
1861351
1861495
1861495
1861663
1861663
2208623
2208623
1929240
1929242
1929243
1929244
1929245
1929246
1929247
1929248
1929249
2153211
2153212
2153213
2153214
2153215
2153216
2153217
2153218
2153219
2153220
1862305
1862305
2123471
2123471
1862483
1862483
2124184
1863022
1863022
1863023
1863023
1863024
1863024
1863025
1863025
2124346
2124346
1993647
1993648
1993649
1993650
1993651
1993652
1993653
1863174
1863174
1993654
1993655
2124442
2124473
1863456
1863456
1863572
1863572
1863573
1863573
2210722
2210722
2210723
2210723
2210724
2210724
2210725
2210725
2210727
2210727
2210728
2210728
2210729
2210729
2210730
2210730
2210731
2210731
2125042
2125042
1606599
2125426
2243751
2243752
2243753
2243754
2243755
2243756
2243759
2243760
2125706
2061212
2061213
2061214
2061215
2061216
2061217
2061218
2061219
2061220
2061221
1865575
2093059
1865639
2271319
2212640
2212640
2212642
2271325
2212642
2212644
2212644
2212645
2212645
2212647
2212647
2212648
2212648
2212649
2212649
2271364
2245357
2245358
2245360
2245361
2245362
2245363
2245364
2245365
2245366
2271439
2271497
2271506
2271569
2271623
2062388
2062389
2062390
2062391
2062392
2062393
2062394
2062395
2062396
2062397
1933744
1933745
1933746
1933747
2182359
1933748
1933749
1933750
1933751
2182483
1836008
1836009
1836010
1836011
1836012
1836013
1836014
1836015
1836016
1836017
1934160
1934161
1934162
1934163
1934164
1934165
1934166
1934167
1934168
1934169
2183061
2272721
2272721
2183175
2247215
1545521
1545709
2273424
1545747
1545757
1545843
1545856
1545899
1545972
2273846
2273847
2273848
2273849
2273850
2273851
2273857
2158982
2158983
2158983
2158984
2158984
2158985
2158987
2158989
2158989
2158990
2130104
1966571
1966573
1966575
1966578
1967167
1838816
1547316
1547316
1547321
1547321
1838897
1547323
1547323
2215774
2215774
2215776
2215776
2215777
2215777
2215779
2215779
2185661
2185778
2215934
2215947
2215947
2215990
2131812
2066206
2066206
1613336
2216736
1613581
2276333
2276334
2276335
2276336
2276337
2276338
2276339
2276340
2276341
2276342
2276807
2276808
2276809
2276810
2276811
2276812
2276813
2276814
2276815
2098707
2098707
1841570
2189080
2189081
2189084
2189085
2189086
2189088
2068983
2278820
2278821
2278822
2278823
2278824
2278825
2278826
2278827
2278828
2278829
1874272
1874273
1874274
1874275
1874276
1874277
1874280
1874281
1744460
1744460
1744464
1744464
1744466
1744466
1744467
1744467
2254254
2254254
1744468
1744468
2005439
2005439
1745116
1745116
1745117
1745117
1745120
1745120
1745122
1745122
1973542
2280235
2280237
1973684
2280239
2280242
1745598
1745598
1745599
1745599
1745603
1745603
1745605
1745605
1745607
1745607
2136716
2136716
1942855
1942969
1875972
1875973
1875974
1875975
1875978
1875979
1875980
1875981
1943122
2308553
2369379
2281157
2281306
2281307
2281308
2281312
2281313
2281315
2369704
2072008
2072008
2281603
2281606
2072309
2072309
1877168
1877169
1877171
1877175
1877177
2257557
2257558
2257559
2257560
2257561
2257562
2257563
2257564
2257565
2257566
2258777
2533816
2533816
2533817
2533817
2533818
2533818
2533819
2533819
2533820
2533820
2533821
2533821
2533822
2533822
2533823
2533823
2533824
2533824
2533825
2533825
2436120
2194662
2194663
2194664
2194665
2194666
2194667
2194668
2194669
2194670
2284059
2170731
2284462
2284471
2195257
2195258
2195259
2195260
2195261
2195262
2195263
2195264
2195265
2195266
2567177
2567181
2342659
2373915
2373917
2373919
2373921
2342972
2313346
2501245
2501620
2501635
2501776
2632809
2632809
2632949
2632949
2315301
2376218
2376221
2603703
2603703
2603705
2603705
2603706
2263419
2603706
2263419
2603708
2603708
2603709
2603709
2603710
2603710
2538775
2603831
2603831
2603832
2603832
2603833
2603833
2603834
2603834
2603835
2603835
2603836
2603836
2603838
2603838
2603839
2603839
2603840
2603840
2316692
2264344
2635011
2635118
2317676
2288745
2264804
2539820
2317833
2539991
2289107
2265428
2318185
2265568
2289410
2265692
2318448
2289783
2318579
2266050
2266320
2701805
2701805
2701811
2701811
2319030
2319032
2319035
2735676
2735676
2319183
2319184
2637155
2266816
2319283
2290500
2266951
2573715
2573717
2573719
2669905
2319445
2267174
2267195
2267196
2267197
2267198
2267199
2267200
2267201
2267202
2267203
2267204
2319561
2290871
2444748
2267323
2267324
2290922
2267329
2290942
2267553
2319942
2319946
2267767
2320059
2638257
2736892
2267950
2267952
2267953
2543512
2268485
2268625
2268628
2268630
2268680
2268681
2268682
2268683
2268684
2268685
2268686
2268687
2268688
2268760
2268767
2269097
2269098
2705125
2794967
2794968
2794969
2794972
2794975
2794976
2705740
2705740
2640422
2640579
2640583
2238000
2238000
2270218
2640753
2640796
2547002
2547002
2547007
2547007
2640823
2640823
2739886
2739886
2270413
2270413
2795680
2795681
2795682
2795683
2795684
2795686
2795688
2795689
2640947
2640947
2640955
2640990
2270497
2641088
2641121
2641189
2641222
2641234
2641234
2796007
2796008
2796010
2796011
2796013
2796014
2796015
2740325
2740325
2641366
2641366
2641387
2707133
2641431
2641431
2674454
2641664
2641664
2674540
2641894
2642039
2451305
2451559
2614822
2550947
2615581
2551284
2799423
2799423
2799424
2799424
2677833
2677833
2743921
2743921
2864217
2299627
2299627
2801113
2801117
2801119
2391814
2391816
2801860
2391819
2801864
2801865
2801866
2391820
2801868
2680806
2680806
2680810
2680810
2680813
2680813
2680814
2680814
2802395
2866697
2866760
2393261
2393263
2393264
2393265
2393266
2803334
2803335
2803338
2803339
2393267
2803340
2803341
2393268
2836352
2867081
2867081
2867082
2867082
2867083
2867083
2867084
2867084
2867085
2867085
2867086
2867086
2867087
2867087
2867088
2867088
2867089
2867089
2648951
2803789
2803790
2803796
2803992
2803998
2804000
2586942
2587141
2587163
2587263
2649885
2556432
2556432
2556438
2556438
2556441
2556441
2587314
2649978
2649981
2587529
2587565
2779333
2779333
2779334
2779334
2779335
2779335
2779336
2779336
2779337
2779337
2779338
2779338
2779340
2779340
2333044
2333045
2333046
2333047
2333048
2333049
2333050
2333051
2779735
2779735
2779736
2779736
2779737
2779737
2779739
2779739
2779740
2779740
2779741
2779741
2779742
2779742
2779905
2779906
2779907
2779908
2779909
2779910
2779911
2779912
2779913
2779914
2651035
2651038
2838299
2333383
2838300
2333384
2333385
2333386
2333387
2838308
2838308
2651102
2622579
2622579
2622580
2622580
2622581
2622581
2622582
2622582
2622583
2622583
2622584
2622584
2622585
2622585
2622586
2622586
2622587
2622587
2622588
2622588
2651261
2651265
2780355
2780355
2780369
2780369
2780372
2780372
2683814
2780373
2683814
2780373
2780374
2780374
2780375
2780375
2780376
2780376
2780377
2780377
2333817
2333818
2333819
2333820
2333821
2333822
2333823
2333824
2333825
2839341
2684676
2684676
2684677
2684677
2684678
2684678
2684679
2684679
2684680
2684680
2684681
2684682
2684682
2684683
2684683
2684684
2684684
2684685
2684685
2839497
2334742
2334743
2334744
2334745
2334746
2334747
2334748
2334749
2334750
2334751
2807374
2872409
2872482
2872506
2872516
2872951
2873013
2873104
2873163
2841926
2400167
2400268
2400450
2654978
2562107
2562107
2562438
2562438
2843484
2843485
2843491
2562764
2562764
2627438
2844071
2562962
2562966
2562967
2562968
2562969
2562970
2562971
2562972
2562973
2562986
2562986
2563238
2563238
2563465
2563741
2563799
2846167
2846396
2846399
2846403
2846824
2846830
2876837
2876838
2876839
2876840
2876841
2847425
2876842
2847429
2876843
2876844
2876845
2876846
2877709
2877710
2877711
2877712
2877713
2877714
2877715
2877716
2877717
2877718
2757358
2757358
2757361
2757361
2757363
2757924
2850783
868849
868891
1502553
1502554
1502555
1502556
1502557
1502558
1502559
1502560
1502561
1502562
1488463
1488464
868986
1488465
868998
1488466
1488467
869048
1495704
1477350
1495704
1488468
1488469
1488470
883140
1488471
883180
869197
1488472
869281
869425
1477586
869584
869621
869682
869936
870173
1132997
870264
1478197
1478238
870406
870417
870484
870495
870546
870703
870724
870805
870837
1126509
1126509
870895
870978
871046
871058
1126874
1126874
726485
726485
726486
726486
726487
726487
1127102
1127102
726488
726488
726489
726489
726490
726490
1127248
1127248
726491
726491
726492
726492
726493
726493
726494
726494
871298
871330
871352
871587
1505832
871806
1492294
872027
1492294
1492295
1492295
872186
872356
872609
872756
872775
872787
872809
872935
1457266
1457334
873023
873046
1457481
1457489
1457598
1457748
1457810
1457960
1458007
1458057
865525
865646
865728
865787
865919
865941
865963
866127
1631256
866631
866776
866866
867074
867075
867076
867077
867078
867079
867080
867081
867082
867083
867302
867455
867589
867684
867765
867788
867815
867897
867996
868090
868229
868231
868371
868704
868756
1449718
1576158
1633139
1633139
1633140
1633140
1558325
1558352
1625047
1625195
1625318
1625440
1558457
1625594
1646082
1646082
1558595
1686906
1686906
1700089
1700090
1700091
1700092
1700093
1700094
1700095
1700096
1700097
1700098
1700383
1700384
1700385
1700386
1700387
1700388
1700389
1700390
1700391
1700392
1558832
1558855
1558860
1558876
1700530
1700531
1700532
1700533
1700534
1700535
1700536
1700537
1700538
1700539
1558971
1700643
1700644
1558989
1700645
1700647
1700648
1700650
1700651
1559026
1708345
1708346
1708347
1708348
1708349
1708350
1708351
1708352
1708353
1708354
1700957
1700958
1700959
1700960
1700961
1700962
1700963
1700964
1700965
1700966
1559125
1559140
1559154
1694224
1694225
1694226
1694227
1694228
1694229
1694231
1694232
1694233
1559265
1559288
1559291
1559300
1559303
1559376
1627538
1752900
1752901
1752902
1752902
1752903
1752905
1752906
1752907
1752908
1654256
1701538
1654281
1654326
1654367
1654376
1654389
1559423
1643286
1559427
1643290
1559470
1654400
1559546
1559558
1559569
1559583
1702443
1702444
1702445
1702446
1710076
1702447
1702448
1710079
1702449
1644190
1702450
1644190
1702451
1702452
1710080
1710084
1559680
1559693
1559706
1559720
1559733
1710530
1710534
1696079
1696081
1696082
1696084
1696085
1696086
1696087
1696088
1559807
1559831
1559844
1559848
1559870
1559874
1696576
1696577
1696578
1696579
1696580
1696581
1696582
1696583
1696584
1696585
1696726
1696727
1703406
1696728
1696729
1696730
1696731
1696732
1696733
1696734
1696735
1703534
1570005
1703542
1696877
1696878
1696879
1570091
1696880
1696881
1696882
1696883
1696885
1696886
1697018
1697019
1697020
1697021
1697022
1697023
1697024
1697025
1697026
1697027
1703845
1559959
1703846
1703847
1559980
1703848
1703849
1559984
1703850
1703851
1559998
1785183
1703852
1703853
1703854
1560011
1703861
1703864
1785185
1785186
1785187
1704011
1756387
1756387
1756448
1756448
1756482
1756482
1756486
1756486
1560067
1756556
1756556
1756589
1756589
1756602
1756602
1704682
1704683
1704684
1704685
1704686
1704687
1704688
1704689
1704690
1704691
1698000
1698001
1698002
1698003
1698004
1698005
1698006
1698007
1698008
1704831
1698009
1704832
1704833
1704834
1704835
1704836
1704837
1704838
1704839
1704840
1776310
1560129
1560132
1560146
1698597
1560248
1698598
1698599
1698600
1560262
1698601
1698602
1698603
1698604
1698605
1698606
1560266
1560281
1560292
1807307
1560344
1560386
1560400
1560417
1560420
1560454
1560528
1560539
1560551
1560555
1560566
1560630
1560678
1560686
1698756
1698757
1698758
1698759
1560698
1698760
1698761
1698762
1698763
1698764
1698765
1560710
1698923
1698924
1698925
1698926
1698927
1698928
1698929
1698930
1698931
1698932
1560764
1560817
1560820
1560834
1560841
1699219
1699220
1699221
1699222
1699223
1699224
1699225
1699226
1699227
1699228
1560894
1699500
1699501
1699502
1699503
1699504
1699505
1699506
1699507
1699508
1699509
1699792
1699793
1699794
1699795
1699796
1699797
1699798
1699799
1699800
1699801
1707086
1707087
1707088
1707089
1707090
1707091
1707092
1707093
1707094
1707095
2019213
2011954
1890233
1781488
1891588
1891588
2205500
2205500
2335036
2335037
2335038
2335039
2335040
2335041
2335042
2335043
2335044
2335045
2200537
2200537
2200541
2200541
2200681
2200681
2015806
2015807
2015808
2015809
2015810
2015811
2015812
2015815
2335328
2335329
2335330
2335331
2335332
2335333
2335334
2335335
2335336
2335337
2201585
2201585
2016190
2016192
2022274
2022508
2335594
2335595
2335596
2335597
2335598
2335599
2335600
2335601
2202678
2202678
1885113
1885114
1885115
1885116
1885117
1885118
1885119
1885120
1885121
2017091
2421583
2017093
2421584
2421585
2017094
2421586
2017095
2421587
2421588
2017096
2421589
2017097
2421590
2421591
2017098
2421592
2017099
2017100
2203644
2203644
2204232
2204232
2204340
2204340
2485760
2485761
2018763
2411774
2411775
2486488
2486488
2486489
2486489
2486490
2486490
2486491
2486491
2486492
2486492
2486493
2486493
1888261
2486494
1888261
2486494
2486495
2486495
2412223
2486729
2486729
2486730
2486730
2486735
2486735
2486737
2486737
2364649
2364649
2364650
2364650
2364651
2364651
2364652
2364652
2364653
2364653
2364654
2364654
2364655
2364655
2364656
2364656
2492785
2412977
2492791
2492793
2487309
2487309
2487310
2487310
2487311
2487311
2487312
2487312
2487313
2487313
2487314
2487314
2487315
2487315
2487316
2487316
2480177
2487317
2487317
2487318
2480178
2487318
2480179
2480180
2480181
2480182
2480183
2487615
2480184
2487616
2487617
2480185
2487618
2487619
2480186
2487620
2487621
2424881
2487936
2487937
2487939
2487940
2487942
2487943
2487944
2487945
2488021
2488022
2488023
2488024
2488025
2353326
2488026
2488027
2488028
2488029
2488030
2521565
2521565
2493944
2493946
2493950
2489650
2489652
2489656
2489657
2481958
2481959
2481960
2483625
2481961
2481962
2481963
2481964
2481965
2481966
2490410
2490410
2482911
2482911
2482916
2482916
2482917
2482917
2523315
2523315
2851028
2793965
2794069
2884414
2885701
2885701
2885710
2885710
2885287
2885287
2885288
2885288
2885290
2885290
2885294
2885295
2886084
2886084
2886085
2886085
2886086
2886086
2886088
2886088
2886089
2886089
2886090
2886090
2886091
2886091
2886092
2886092
2886093
2886093
2794434
2886419
2886419
2886420
2886420
2886422
2886422
2886423
2886423
2886424
2886424
2886425
2886425
2886426
2886426
2886427
2886427
2886428
2886428